-8.87663 -9.939395 1
0.7391189 -0.6941931 0
0.915853 -1.287308 0
-1.819206 2.472595 1
-12.04249 -14.70365 1
-0.363256 -0.1676724 0
-2.174562 3.906370 1
0.3140868 -0.4265674 0
-4.882957 -8.924103 1
-2.299761 1.510641 1
-0.1321749 0.5351414 0
-0.3857977 0.8849424 0
0.6070935 -3.225755 0
1.318937 -0.7889362 0
-11.17985 -17.98181 1
0.9966797 1.361441 0
-1.081593 -0.3960097 0
-1.753047 -1.183414 1
-9.00937 -7.661505 1
-2.505779 -0.1960501 1
-0.6816399 -2.110500 1
-6.069961 -0.770257 1
-0.349912 1.495251 0
0.6200811 3.194304 0
-0.1749712 1.892530 0
-1.343226 -0.4008258 0
-0.1833464 -0.766523 0
0.982584 0.3330599 0
-13.09734 -18.45741 1
0.3891069 -0.1917134 0
-6.393865 -3.128974 1
-1.588511 -0.4591828 1
1.309446 -2.430053 0
0.5216541 1.444839 0
-3.454782 -0.09343941 1
0.3401803 0.6727004 0
-9.953352 -10.25397 1
-2.36047 -0.1420007 1
-2.546232 3.937917 1
0.7182947 0.0300956 0
-1.321873 -0.6006595 1
-2.197128 -0.9107457 1
-1.774036 -3.669303 1
-1.958057 -3.735329 1
-2.300272 -6.5022 1
-2.560150 -3.678377 1
-9.432582 -7.948411 1
-1.582646 -0.2234798 0
-2.975534 -0.6505342 1
-2.762103 -3.318836 1
-1.117275 -0.7721977 0
-0.3469189 -2.149131 0
-0.9637021 1.616434 0
-1.655882 1.98474 0
-0.1621517 3.721929 0
2.010846 -0.8910657 0
-1.943744 -3.652602 1
0.4290164 0.1887858 0
-8.598366 -11.6806 1
0.455875 0.2697133 0
-3.859714 -6.712329 1
-1.512465 -3.207420 0
-14.36294 -14.48794 1
-0.9130512 0.7860865 0
-2.262560 -4.401554 1
0.2593911 2.026655 0
0.6421165 1.442727 0
-12.41391 -18.36917 1
-11.77097 -17.97155 1
0.2843679 -0.06219199 0
-1.049734 -0.8187978 1
-6.26108 -6.583796 1
-0.969947 0.8034224 0
-1.333409 -1.864642 1
1.684459 -1.797038 0
-2.130433 -1.739315 1
0.7188153 -1.450582 0
-0.2086810 -0.1941787 0
-1.800171 -1.991725 1
-12.01890 -15.76147 1
-1.661953 2.488445 0
0.09460644 -3.135899 0
-1.746387 -7.728444 1
-0.06166581 1.039779 0
-0.355729 -0.8148366 0
-2.319108 -10.99041 1
-8.943152 -12.99331 1
-1.342581 2.274442 1
-1.130559 -0.4292359 0
-1.610243 -1.062733 1
0.8693806 0.8517134 0
1.268772 0.8431905 0
-0.4250918 2.400614 1
-0.3898857 -0.9920995 0
1.840782 1.064068 0
-1.490668 1.425562 1
-2.326902 0.6999313 1
-1.367060 -2.743773 1
-0.4820646 0.891833 0
-1.948475 -4.083586 1
1.580288 -2.402714 0
1.251041 -2.242827 0
-8.337392 -14.69322 1
-1.556444 -1.589998 0
1.295080 -1.560670 0
-1.943678 -1.630660 1
0.3211097 1.126751 0
0.49494 0.6805651 0
0.3265488 -1.590328 0
0.1326407 2.812855 0
-11.37502 -14.19156 1
-3.099174 0.003396980 1
-0.1873572 -0.02494094 0
0.2496162 0.2066741 0
-10.67180 -13.70254 1
0.5913745 -1.241426 0
0.09962013 -1.6771 0
-1.873657 1.521791 1
-2.796777 -2.306675 1
-4.414919 0.811868 1
1.262056 -1.414188 0
-1.659464 -0.1713969 1
1.485964 0.7779528 0
0.3701534 -0.2248445 0
-0.2879223 -1.797135 0
-0.4509895 0.2350669 0
-10.72419 -15.35935 1
-0.4119417 -1.459024 0
-3.046341 -2.577101 1
-2.03219 -2.423049 1
-4.208563 -2.693184 1
-1.087322 2.031073 0
-1.015384 1.307623 0
-1.743287 -2.082798 1
-1.769193 -1.311363 1
-1.825100 -0.9389716 1
0.1555882 -0.8963586 0
-0.5976112 0.4138530 0
-2.585267 2.290865 1
-3.865698 -2.632859 1
-9.755443 -2.498262 1
0.1500957 -0.6781544 0
-2.822799 -8.660684 1
-0.01712641 -1.123157 0
-3.663056 -2.638247 1
-1.085501 1.067344 0
-1.554478 1.778974 1
-0.594222 0.9001885 0
-4.025983 1.597755 1
-2.460270 2.145825 1
